19.043584094 24.7383414068 0
38.0871681881 24.7383414068 1
57.1307522821 24.7383414068 2
76.1743363761 24.7383414068 3
95.2179204702 24.7383414068 4
114.261504564 24.7383414068 5
133.305088658 24.7383414068 6
152.348672752 24.7383414068 7
19.043584094 49.4766828136 8
38.0871681881 49.4766828136 9
57.1307522821 49.4766828136 10
76.1743363761 49.4766828136 11
95.2179204702 49.4766828136 12
114.261504564 49.4766828136 13
133.305088658 49.4766828136 14
152.348672752 49.4766828136 15
19.043584094 74.2150242204 16
38.0871681881 74.2150242204 17
57.1307522821 74.2150242204 18
76.1743363761 74.2150242204 19
95.2179204702 74.2150242204 20
114.261504564 74.2150242204 21
133.305088658 74.2150242204 22
152.348672752 74.2150242204 23
