73 29 0
112 6 1
54 81 2
0 88 3
64 48 4
53 98 5
150 19 6
129 33 7
147 38 8
35 37 9
28 73 10
56 55 11
2 53 12
12 83 13
68 94 14
17 84 15
71 58 16
96 89 17
140 80 18
157 78 19
113 22 20
0 12 21
151 93 22
44 98 23
14 42 24
72 29 25
64 10 26
23 3 27
4 12 28
47 89 29
18 21 30
148 74 31
17 10 32
73 97 33
91 53 34
89 28 35
164 29 36
18 28 37
168 4 38
102 40 39
59 71 40
128 90 41
70 37 42
126 28 43
50 97 44
95 22 45
2 29 46
29 30 47
92 95 48
49 95 49
3 76 50
79 20 51
51 69 52
168 40 53
61 14 54
128 9 55
86 11 56
116 72 57
127 41 58
168 25 59
134 47 60
2 91 61
34 77 62
159 25 63
70 91 64
145 86 65
26 50 66
163 13 67
44 5 68
58 62 69
75 74 70
17 55 71
165 49 72
87 9 73
59 59 74
111 34 75
86 74 76
30 32 77
93 41 78
111 79 79
126 50 80
130 55 81
142 87 82
25 93 83
160 86 84
158 78 85
129 83 86
166 89 87
15 63 88
108 36 89
2 24 90
5 92 91
92 90 92
133 63 93
140 4 94
10 37 95
163 31 96
91 41 97
88 32 98
61 61 99
138 83 100
60 0 101
24 37 102
55 75 103
54 63 104
75 51 105
72 22 106
44 28 107
50 68 108
29 79 109
156 40 110
13 58 111
82 24 112
100 6 113
12 54 114
111 8 115
157 82 116
51 73 117
110 29 118
160 48 119
81 40 120
140 88 121
165 28 122
45 23 123
66 84 124
50 44 125
65 35 126
100 44 127
91 22 128
39 24 129
102 74 130
89 15 131
10 23 132
165 3 133
164 55 134
44 46 135
23 94 136
162 81 137
111 55 138
20 20 139
129 21 140
82 56 141
80 24 142
154 50 143
123 13 144
128 82 145
29 85 146
161 74 147
25 16 148
51 2 149
73 33 150
165 64 151
163 31 152
63 94 153
37 62 154
108 98 155
72 73 156
80 22 157
171 67 158
146 15 159
140 77 160
33 68 161
93 85 162
75 46 163
162 29 164
152 96 165
152 59 166
9 6 167
73 67 168
102 29 169
73 52 170
33 37 171
22 22 172
129 74 173
164 20 174
104 95 175
33 52 176
124 62 177
97 81 178
84 81 179
115 49 180
99 84 181
25 98 182
89 19 183
154 69 184
149 9 185
98 57 186
1 67 187
145 66 188
41 13 189
67 69 190
149 22 191
79 41 192
40 98 193
29 34 194
0 8 195
24 97 196
133 31 197
40 58 198
144 1 199
126 37 200
85 62 201
56 40 202
144 68 203
134 45 204
0 41 205
107 53 206
171 31 207
153 35 208
160 26 209
161 50 210
125 67 211
171 94 212
29 0 213
59 32 214
129 9 215
64 9 216
44 37 217
28 36 218
99 86 219
108 37 220
84 27 221
5 89 222
67 5 223
157 11 224
155 5 225
9 5 226
66 36 227
114 72 228
106 16 229
85 24 230
35 86 231
161 15 232
76 41 233
109 7 234
144 64 235
129 53 236
131 51 237
158 34 238
64 78 239
46 50 240
150 18 241
128 47 242
20 39 243
159 4 244
16 56 245
96 97 246
21 98 247
147 42 248
56 69 249
26 86 250
92 8 251
12 6 252
13 96 253
28 72 254
53 22 255
130 49 256
137 88 257
149 32 258
118 54 259
145 13 260
13 76 261
98 96 262
0 55 263
65 72 264
59 97 265
83 39 266
54 18 267
96 80 268
143 31 269
138 56 270
56 89 271
90 69 272
0 90 273
56 62 274
14 66 275
107 11 276
89 14 277
42 85 278
46 30 279
71 19 280
47 23 281
23 21 282
77 77 283
122 76 284
25 34 285
87 20 286
115 25 287
156 78 288
136 74 289
12 89 290
169 26 291
171 79 292
90 30 293
103 96 294
39 90 295
12 87 296
135 81 297
147 33 298
71 55 299
2 94 300
27 62 301
92 4 302
66 18 303
92 12 304
35 87 305
83 52 306
55 33 307
33 35 308
11 79 309
62 45 310
54 94 311
53 13 312
11 64 313
165 34 314
24 48 315
94 20 316
90 92 317
115 1 318
2 79 319
128 58 320
118 59 321
86 69 322
58 5 323
44 86 324
167 68 325
89 3 326
115 9 327
137 17 328
168 49 329
75 64 330
7 88 331
18 10 332
42 70 333
56 78 334
126 96 335
26 41 336
80 66 337
94 56 338
72 6 339
79 47 340
2 19 341
30 43 342
109 98 343
28 59 344
76 25 345
170 28 346
150 25 347
89 83 348
20 42 349
13 57 350
160 11 351
66 18 352
42 49 353
119 16 354
39 55 355
116 3 356
47 85 357
109 64 358
4 57 359
36 1 360
127 79 361
139 63 362
57 82 363
92 20 364
98 87 365
127 53 366
100 29 367
138 92 368
48 38 369
127 65 370
39 77 371
55 27 372
158 60 373
15 12 374
70 95 375
117 41 376
12 22 377
80 65 378
66 94 379
62 55 380
125 94 381
84 23 382
79 84 383
53 35 384
87 18 385
42 24 386
80 29 387
109 21 388
96 40 389
61 9 390
86 14 391
85 62 392
49 40 393
27 33 394
153 43 395
153 62 396
30 52 397
7 93 398
114 80 399
3 41 400
133 31 401
28 12 402
112 47 403
19 28 404
14 7 405
75 25 406
152 96 407
163 28 408
103 84 409
47 14 410
83 35 411
97 69 412
19 94 413
85 51 414
83 71 415
17 31 416
41 21 417
16 59 418
35 18 419
112 45 420
35 53 421
124 66 422
110 21 423
12 66 424
82 34 425
155 87 426
170 16 427
107 37 428
135 84 429
62 67 430
106 85 431
142 73 432
10 26 433
22 67 434
153 12 435
37 57 436
80 0 437
81 30 438
131 54 439
105 53 440
163 7 441
145 83 442
76 85 443
16 89 444
128 72 445
41 56 446
141 63 447
36 55 448
164 17 449
141 55 450
164 58 451
47 50 452
10 70 453
15 41 454
114 26 455
117 0 456
50 15 457
80 69 458
159 55 459
45 85 460
90 86 461
66 74 462
155 75 463
6 19 464
123 24 465
113 6 466
104 76 467
28 44 468
41 37 469
76 85 470
23 15 471
97 35 472
134 18 473
92 17 474
15 79 475
61 38 476
21 97 477
89 3 478
11 79 479
127 59 480
52 15 481
9 63 482
42 25 483
91 86 484
96 8 485
45 77 486
104 6 487
60 10 488
46 63 489
164 75 490
59 74 491
2 54 492
50 39 493
73 43 494
105 55 495
49 9 496
146 68 497
79 32 498
62 84 499
149 67 500
169 60 501
169 18 502
26 22 503
27 0 504
62 33 505
127 35 506
6 93 507
67 14 508
167 46 509
77 19 510
37 6 511
112 7 512
135 29 513
168 33 514
147 82 515
114 29 516
164 24 517
84 9 518
34 25 519
126 11 520
38 82 521
135 33 522
4 11 523
66 57 524
55 27 525
60 95 526
64 94 527
15 69 528
144 6 529
63 3 530
9 4 531
61 88 532
41 90 533
162 78 534
87 16 535
62 66 536
77 73 537
8 50 538
100 44 539
37 81 540
74 66 541
97 79 542
39 40 543
33 82 544
33 42 545
44 25 546
94 78 547
90 3 548
11 46 549
25 16 550
128 80 551
83 20 552
67 81 553
36 12 554
64 13 555
13 24 556
14 2 557
45 74 558
35 6 559
123 80 560
162 15 561
143 30 562
40 45 563
169 74 564
159 81 565
138 93 566
90 6 567
25 35 568
79 52 569
153 87 570
42 98 571
166 37 572
141 56 573
51 19 574
68 36 575
10 68 576
7 27 577
112 84 578
94 57 579
146 93 580
98 24 581
166 66 582
56 66 583
137 59 584
162 34 585
82 47 586
67 23 587
20 95 588
15 25 589
149 41 590
84 20 591
122 52 592
39 96 593
146 93 594
102 68 595
159 95 596
51 44 597
47 13 598
9 0 599
162 27 600
160 84 601
103 67 602
155 13 603
142 62 604
53 91 605
56 35 606
118 24 607
159 87 608
29 84 609
114 43 610
98 94 611
0 84 612
157 19 613
72 90 614
150 51 615
168 23 616
154 23 617
165 35 618
87 37 619
148 30 620
120 81 621
28 54 622
108 7 623
109 68 624
40 71 625
95 95 626
129 50 627
158 11 628
105 69 629
4 39 630
62 70 631
161 30 632
167 49 633
170 19 634
67 68 635
20 4 636
39 3 637
71 46 638
75 97 639
116 7 640
82 15 641
112 28 642
86 86 643
42 44 644
11 33 645
81 78 646
109 72 647
152 30 648
61 70 649
165 73 650
17 75 651
7 50 652
119 14 653
171 13 654
113 3 655
119 10 656
150 16 657
130 86 658
157 95 659
112 3 660
129 83 661
14 34 662
112 43 663
134 94 664
31 69 665
3 1 666
36 60 667
169 44 668
49 38 669
140 85 670
119 96 671
124 65 672
14 46 673
117 27 674
43 67 675
46 54 676
157 35 677
161 12 678
111 40 679
24 69 680
32 42 681
168 6 682
78 74 683
74 71 684
67 29 685
131 74 686
85 77 687
64 65 688
56 86 689
61 92 690
151 92 691
153 85 692
56 67 693
51 35 694
43 19 695
141 82 696
127 6 697
106 65 698
112 64 699
48 75 700
7 46 701
72 39 702
130 78 703
135 2 704
74 48 705
47 49 706
89 17 707
156 80 708
73 17 709
120 45 710
2 29 711
16 51 712
54 97 713
92 52 714
7 60 715
68 36 716
163 8 717
124 6 718
58 71 719
148 77 720
59 35 721
168 47 722
20 81 723
45 81 724
37 39 725
24 39 726
89 39 727
158 43 728
146 18 729
109 37 730
154 43 731
51 21 732
73 37 733
125 88 734
107 20 735
11 47 736
106 67 737
23 54 738
125 38 739
138 31 740
63 53 741
3 33 742
40 85 743
113 35 744
61 4 745
112 86 746
17 9 747
132 64 748
121 56 749
35 76 750
90 96 751
52 56 752
133 86 753
26 58 754
145 59 755
159 18 756
101 12 757
94 61 758
106 61 759
90 81 760
17 83 761
18 49 762
73 33 763
105 57 764
49 57 765
68 59 766
165 14 767
69 73 768
103 89 769
95 40 770
101 51 771
17 29 772
103 4 773
146 38 774
39 71 775
20 41 776
130 0 777
125 33 778
76 98 779
145 43 780
89 22 781
145 51 782
42 8 783
126 14 784
130 89 785
14 59 786
106 45 787
148 12 788
91 47 789
63 1 790
21 55 791
158 53 792
116 78 793
5 50 794
34 7 795
6 28 796
19 38 797
131 59 798
127 27 799
99 11 800
40 18 801
38 91 802
51 66 803
143 2 804
130 51 805
151 14 806
34 56 807
60 32 808
12 55 809
88 33 810
158 2 811
106 2 812
105 66 813
151 55 814
36 3 815
104 58 816
16 64 817
75 55 818
149 27 819
22 93 820
171 88 821
96 23 822
53 52 823
152 49 824
56 45 825
147 52 826
105 91 827
45 47 828
125 86 829
59 16 830
77 45 831
7 52 832
167 41 833
83 89 834
52 21 835
96 12 836
137 61 837
155 17 838
80 52 839
35 6 840
141 39 841
24 45 842
25 38 843
152 31 844
52 88 845
101 45 846
21 81 847
2 89 848
119 71 849
49 2 850
161 30 851
137 50 852
158 65 853
154 51 854
114 75 855
20 37 856
93 12 857
156 47 858
58 55 859
59 96 860
163 20 861
152 43 862
127 45 863
29 38 864
167 89 865
8 92 866
59 4 867
92 22 868
111 0 869
1 42 870
6 46 871
137 79 872
152 1 873
16 64 874
131 87 875
35 67 876
69 96 877
156 47 878
91 29 879
21 34 880
111 74 881
144 73 882
65 41 883
100 94 884
136 48 885
44 36 886
90 15 887
15 49 888
21 93 889
124 38 890
21 93 891
116 82 892
37 10 893
133 34 894
15 85 895
120 20 896
55 4 897
78 68 898
0 68 899
160 20 900
166 28 901
125 46 902
84 59 903
91 49 904
124 20 905
78 59 906
127 70 907
31 96 908
105 9 909
95 56 910
22 34 911
170 36 912
156 69 913
147 15 914
77 19 915
42 35 916
8 69 917
79 30 918
7 69 919
152 17 920
98 98 921
160 80 922
20 0 923
32 4 924
43 46 925
155 15 926
77 36 927
25 35 928
119 74 929
123 75 930
105 43 931
90 40 932
64 56 933
65 23 934
29 13 935
91 96 936
153 95 937
62 22 938
118 81 939
124 6 940
2 8 941
22 98 942
116 14 943
48 63 944
77 93 945
94 43 946
75 3 947
144 1 948
67 87 949
167 19 950
45 78 951
49 97 952
83 23 953
115 64 954
110 34 955
26 75 956
56 83 957
69 98 958
167 37 959
156 77 960
164 3 961
157 33 962
116 84 963
11 52 964
11 34 965
99 14 966
90 36 967
107 97 968
72 5 969
76 89 970
90 32 971
50 9 972
53 97 973
76 27 974
166 53 975
88 0 976
42 16 977
3 31 978
168 30 979
111 32 980
147 12 981
58 28 982
95 41 983
97 33 984
43 7 985
162 26 986
125 46 987
148 43 988
52 31 989
155 34 990
18 6 991
4 54 992
75 18 993
126 5 994
36 54 995
164 4 996
165 97 997
80 1 998
113 13 999
103 77 1000
78 62 1001
109 75 1002
67 11 1003
58 81 1004
104 42 1005
32 29 1006
164 49 1007
34 34 1008
68 50 1009
80 21 1010
82 62 1011
144 80 1012
16 5 1013
67 84 1014
142 55 1015
56 71 1016
67 33 1017
108 29 1018
51 50 1019
91 67 1020
107 6 1021
149 67 1022
83 82 1023
116 14 1024
1 37 1025
81 55 1026
66 61 1027
63 24 1028
22 34 1029
107 84 1030
119 26 1031
147 29 1032
101 6 1033
50 74 1034
138 76 1035
76 77 1036
145 53 1037
122 54 1038
16 48 1039
148 95 1040
48 54 1041
99 64 1042
118 89 1043
160 85 1044
169 68 1045
83 67 1046
60 88 1047
11 52 1048
159 36 1049
31 35 1050
40 71 1051
142 46 1052
78 74 1053
113 24 1054
157 65 1055
155 92 1056
171 42 1057
81 29 1058
100 47 1059
26 93 1060
36 6 1061
45 56 1062
51 9 1063
148 21 1064
28 25 1065
159 36 1066
69 14 1067
82 9 1068
158 55 1069
46 74 1070
5 0 1071
171 81 1072
58 43 1073
136 63 1074
163 43 1075
94 5 1076
145 43 1077
103 79 1078
72 92 1079
30 8 1080
61 22 1081
119 13 1082
26 92 1083
56 17 1084
6 18 1085
120 59 1086
49 65 1087
103 24 1088
3 32 1089
107 7 1090
69 48 1091
4 31 1092
51 90 1093
42 19 1094
112 58 1095
114 77 1096
77 58 1097
163 53 1098
10 60 1099
141 41 1100
147 78 1101
108 10 1102
53 64 1103
121 25 1104
0 62 1105
69 36 1106
22 4 1107
96 68 1108
157 77 1109
121 86 1110
88 20 1111
101 74 1112
140 86 1113
119 98 1114
72 40 1115
38 76 1116
49 12 1117
68 18 1118
156 5 1119
40 87 1120
117 38 1121
49 95 1122
110 54 1123
23 37 1124
154 69 1125
68 38 1126
143 29 1127
116 40 1128
160 58 1129
76 91 1130
109 7 1131
159 25 1132
51 52 1133
108 30 1134
96 73 1135
5 50 1136
38 73 1137
31 62 1138
54 28 1139
115 67 1140
152 42 1141
16 16 1142
130 9 1143
87 20 1144
169 20 1145
121 14 1146
49 87 1147
61 63 1148
169 95 1149
86 23 1150
62 21 1151
128 0 1152
119 71 1153
85 53 1154
114 69 1155
130 59 1156
42 73 1157
96 80 1158
15 79 1159
37 53 1160
80 93 1161
62 97 1162
12 40 1163
83 13 1164
161 62 1165
110 38 1166
90 83 1167
62 53 1168
31 19 1169
69 66 1170
86 49 1171
64 13 1172
100 17 1173
120 59 1174
103 7 1175
116 29 1176
31 52 1177
84 77 1178
150 12 1179
66 7 1180
109 67 1181
147 37 1182
66 19 1183
6 38 1184
83 89 1185
35 91 1186
89 1 1187
52 82 1188
56 80 1189
115 54 1190
89 39 1191
36 3 1192
70 96 1193
5 33 1194
142 61 1195
39 55 1196
114 41 1197
17 28 1198
92 80 1199
31 7 1200
80 66 1201
80 74 1202
57 81 1203
101 59 1204
125 80 1205
161 7 1206
8 16 1207
39 57 1208
158 80 1209
51 95 1210
113 55 1211
28 22 1212
65 35 1213
165 14 1214
69 10 1215
150 68 1216
14 98 1217
33 16 1218
168 36 1219
73 57 1220
79 28 1221
106 21 1222
48 35 1223
99 13 1224
64 53 1225
39 15 1226
139 25 1227
110 69 1228
24 80 1229
116 93 1230
56 50 1231
92 14 1232
10 0 1233
110 44 1234
8 97 1235
125 5 1236
75 2 1237
73 46 1238
8 40 1239
28 50 1240
35 3 1241
91 81 1242
108 30 1243
26 72 1244
136 32 1245
104 59 1246
69 55 1247
119 76 1248
117 92 1249
95 77 1250
120 60 1251
165 14 1252
76 76 1253
19 36 1254
63 91 1255
157 88 1256
144 42 1257
160 93 1258
154 81 1259
136 58 1260
44 97 1261
18 77 1262
102 88 1263
39 4 1264
47 85 1265
12 27 1266
107 92 1267
152 11 1268
158 3 1269
3 2 1270
158 45 1271
14 74 1272
22 28 1273
158 4 1274
56 94 1275
168 37 1276
2 25 1277
170 69 1278
24 98 1279
14 46 1280
9 8 1281
161 23 1282
150 91 1283
46 25 1284
11 29 1285
159 19 1286
168 36 1287
103 6 1288
125 81 1289
154 87 1290
26 35 1291
119 84 1292
105 1 1293
109 0 1294
3 61 1295
120 40 1296
37 47 1297
140 61 1298
142 61 1299
161 78 1300
47 71 1301
163 38 1302
125 97 1303
82 67 1304
35 75 1305
52 60 1306
82 67 1307
43 16 1308
6 41 1309
22 70 1310
8 30 1311
25 78 1312
142 53 1313
89 5 1314
164 40 1315
133 83 1316
32 95 1317
88 12 1318
66 53 1319
42 91 1320
15 1 1321
82 79 1322
142 44 1323
29 40 1324
72 97 1325
87 23 1326
97 3 1327
79 58 1328
24 72 1329
137 14 1330
17 1 1331
114 66 1332
62 76 1333
41 25 1334
43 73 1335
111 17 1336
51 59 1337
4 82 1338
70 86 1339
18 54 1340
131 19 1341
96 62 1342
30 72 1343
56 1 1344
88 45 1345
4 35 1346
0 28 1347
56 76 1348
22 40 1349
30 12 1350
144 52 1351
63 39 1352
110 53 1353
50 15 1354
24 25 1355
94 89 1356
2 14 1357
35 39 1358
5 91 1359
0 47 1360
141 21 1361
171 38 1362
17 52 1363
29 36 1364
132 28 1365
37 13 1366
71 47 1367
38 86 1368
162 13 1369
159 64 1370
162 15 1371
103 1 1372
150 25 1373
22 53 1374
30 22 1375
159 88 1376
123 67 1377
74 3 1378
163 95 1379
60 17 1380
124 63 1381
155 27 1382
130 87 1383
41 45 1384
42 63 1385
80 23 1386
144 35 1387
106 3 1388
75 26 1389
165 49 1390
28 76 1391
50 36 1392
159 22 1393
123 49 1394
144 5 1395
68 61 1396
144 61 1397
46 93 1398
116 66 1399
154 22 1400
33 34 1401
169 88 1402
110 87 1403
129 48 1404
118 31 1405
131 53 1406
171 80 1407
50 10 1408
97 93 1409
169 26 1410
132 89 1411
38 58 1412
162 81 1413
108 31 1414
76 63 1415
11 25 1416
124 23 1417
67 39 1418
131 18 1419
150 70 1420
128 22 1421
24 26 1422
99 63 1423
145 61 1424
32 54 1425
122 28 1426
101 28 1427
116 41 1428
158 41 1429
61 8 1430
16 35 1431
33 93 1432
12 73 1433
2 56 1434
110 82 1435
156 83 1436
100 19 1437
166 32 1438
74 60 1439
117 93 1440
17 17 1441
161 96 1442
49 75 1443
51 20 1444
167 53 1445
40 28 1446
154 10 1447
117 84 1448
29 23 1449
69 52 1450
137 80 1451
47 77 1452
142 10 1453
127 42 1454
47 98 1455
29 68 1456
71 7 1457
129 60 1458
48 92 1459
92 25 1460
140 63 1461
45 3 1462
124 70 1463
42 86 1464
114 48 1465
70 7 1466
102 97 1467
68 60 1468
64 40 1469
49 65 1470
88 24 1471
150 66 1472
0 42 1473
122 41 1474
9 63 1475
130 15 1476
81 87 1477
169 51 1478
15 38 1479
40 34 1480
27 30 1481
103 83 1482
90 94 1483
23 92 1484
87 56 1485
61 45 1486
88 86 1487
91 13 1488
27 62 1489
156 75 1490
62 46 1491
111 41 1492
97 17 1493
1 62 1494
115 82 1495
40 73 1496
126 90 1497
92 53 1498
118 39 1499
139 60 1500
83 81 1501
168 29 1502
76 40 1503
157 36 1504
63 7 1505
144 15 1506
141 30 1507
152 45 1508
38 52 1509
1 61 1510
150 26 1511
93 98 1512
23 17 1513
151 6 1514
147 74 1515
38 70 1516
131 10 1517
68 55 1518
48 24 1519
17 92 1520
117 5 1521
10 38 1522
48 85 1523
164 11 1524
137 3 1525
80 82 1526
104 20 1527
9 14 1528
9 20 1529
10 17 1530
12 12 1531
100 96 1532
163 76 1533
134 2 1534
140 58 1535
5 89 1536
55 4 1537
9 39 1538
130 68 1539
64 78 1540
35 60 1541
5 57 1542
67 66 1543
34 26 1544
91 51 1545
26 94 1546
22 50 1547
74 52 1548
71 53 1549
113 66 1550
21 83 1551
48 14 1552
13 84 1553
60 32 1554
68 28 1555
90 65 1556
38 75 1557
34 47 1558
21 47 1559
59 10 1560
6 0 1561
94 78 1562
57 16 1563
126 45 1564
66 55 1565
56 66 1566
116 81 1567
149 33 1568
93 69 1569
23 66 1570
140 97 1571
91 2 1572
56 30 1573
43 43 1574
89 49 1575
28 31 1576
169 11 1577
38 89 1578
48 15 1579
68 38 1580
21 50 1581
30 12 1582
99 20 1583
24 93 1584
146 0 1585
121 73 1586
65 13 1587
105 98 1588
88 38 1589
56 27 1590
84 40 1591
112 41 1592
98 89 1593
80 52 1594
21 88 1595
68 2 1596
90 5 1597
23 61 1598
82 42 1599
