6 87 0
58 80 1
116 39 2
72 21 3
87 97 4
66 91 5
144 85 6
36 30 7
39 94 8
2 22 9
39 36 10
65 37 11
68 25 12
90 83 13
142 87 14
133 80 15
84 33 16
60 83 17
114 62 18
54 27 19
98 52 20
95 35 21
117 15 22
14 1 23
122 51 24
49 77 25
141 43 26
135 84 27
21 5 28
20 11 29
70 84 30
125 26 31
81 40 32
152 97 33
120 7 34
105 35 35
44 90 36
71 94 37
147 12 38
75 97 39
165 76 40
37 8 41
129 91 42
30 3 43
97 92 44
49 49 45
10 81 46
111 87 47
154 88 48
50 92 49
107 18 50
86 4 51
95 10 52
69 38 53
83 33 54
127 86 55
39 86 56
33 6 57
36 41 58
70 3 59
87 70 60
5 63 61
78 74 62
56 70 63
166 72 64
57 47 65
88 37 66
92 93 67
137 70 68
49 81 69
10 69 70
119 7 71
163 58 72
96 60 73
156 17 74
6 41 75
118 12 76
34 92 77
29 51 78
36 40 79
57 76 80
152 57 81
15 54 82
81 5 83
63 59 84
25 11 85
121 95 86
153 59 87
155 4 88
82 79 89
52 74 90
83 24 91
12 46 92
102 73 93
32 30 94
37 4 95
80 14 96
112 11 97
28 62 98
69 61 99
62 46 100
91 36 101
131 81 102
93 73 103
124 76 104
36 70 105
58 49 106
51 21 107
106 46 108
28 21 109
84 51 110
88 16 111
53 21 112
46 82 113
143 18 114
96 41 115
158 23 116
130 39 117
144 52 118
142 86 119
135 5 120
44 43 121
4 64 122
59 9 123
20 15 124
17 28 125
117 61 126
70 61 127
95 17 128
110 41 129
157 60 130
79 0 131
122 81 132
31 75 133
63 11 134
66 13 135
168 17 136
99 61 137
170 22 138
76 94 139
168 79 140
52 48 141
116 21 142
72 5 143
38 3 144
156 14 145
105 97 146
15 88 147
133 4 148
31 71 149
54 23 150
27 94 151
82 97 152
18 46 153
151 65 154
42 29 155
113 7 156
74 91 157
1 8 158
82 97 159
168 47 160
71 52 161
89 68 162
168 66 163
76 50 164
12 13 165
118 17 166
34 9 167
77 54 168
10 87 169
79 0 170
23 64 171
170 55 172
114 54 173
121 9 174
98 62 175
120 80 176
100 41 177
52 61 178
167 32 179
168 95 180
148 94 181
90 63 182
48 38 183
152 73 184
118 79 185
93 67 186
5 26 187
4 73 188
136 56 189
162 85 190
0 79 191
118 65 192
119 53 193
42 60 194
132 41 195
74 53 196
77 77 197
110 13 198
107 7 199
129 30 200
118 92 201
109 25 202
53 80 203
138 86 204
124 55 205
63 21 206
50 52 207
133 77 208
127 8 209
24 62 210
14 8 211
110 54 212
148 82 213
16 17 214
26 20 215
113 91 216
92 66 217
33 22 218
11 23 219
9 25 220
136 32 221
132 89 222
41 19 223
91 95 224
34 76 225
89 72 226
122 6 227
41 32 228
94 55 229
95 76 230
55 52 231
160 56 232
122 78 233
162 21 234
57 63 235
152 18 236
61 34 237
56 72 238
93 85 239
157 67 240
3 25 241
171 3 242
61 33 243
12 46 244
57 4 245
118 43 246
78 11 247
160 12 248
169 0 249
18 47 250
144 29 251
39 67 252
38 81 253
46 42 254
14 40 255
34 14 256
83 63 257
65 12 258
162 57 259
81 23 260
55 64 261
75 3 262
49 63 263
25 28 264
73 5 265
158 96 266
62 82 267
166 49 268
38 70 269
137 35 270
68 43 271
27 92 272
16 95 273
53 92 274
29 87 275
96 86 276
5 98 277
29 59 278
151 71 279
39 29 280
88 70 281
164 36 282
80 78 283
67 0 284
18 57 285
60 13 286
161 46 287
72 59 288
116 86 289
142 54 290
150 8 291
45 58 292
20 68 293
171 36 294
7 31 295
144 45 296
86 48 297
29 7 298
169 56 299
165 84 300
85 35 301
76 7 302
152 6 303
118 17 304
161 84 305
143 94 306
25 7 307
0 44 308
85 85 309
34 83 310
27 7 311
152 52 312
19 68 313
36 73 314
130 52 315
42 71 316
96 17 317
31 8 318
37 22 319
82 91 320
159 29 321
115 37 322
147 67 323
50 59 324
18 42 325
129 57 326
38 93 327
21 85 328
150 86 329
7 94 330
91 47 331
55 82 332
113 2 333
156 77 334
138 20 335
17 78 336
44 6 337
146 76 338
69 64 339
18 58 340
128 25 341
129 98 342
59 81 343
142 44 344
3 92 345
163 79 346
0 43 347
89 51 348
102 2 349
132 42 350
140 85 351
105 78 352
171 64 353
143 46 354
53 98 355
93 37 356
98 71 357
90 42 358
38 10 359
3 86 360
171 79 361
145 47 362
48 73 363
5 83 364
111 96 365
109 97 366
162 96 367
18 80 368
129 49 369
19 40 370
99 82 371
42 68 372
32 37 373
93 89 374
79 7 375
39 2 376
158 59 377
38 46 378
116 27 379
33 25 380
1 55 381
126 72 382
12 34 383
129 31 384
22 25 385
67 2 386
142 74 387
80 4 388
48 50 389
16 68 390
46 15 391
121 86 392
158 59 393
79 25 394
88 23 395
79 58 396
137 16 397
112 22 398
22 72 399
102 2 400
133 83 401
119 76 402
78 41 403
3 68 404
59 80 405
88 98 406
33 0 407
151 35 408
147 34 409
132 12 410
100 6 411
96 72 412
128 65 413
76 86 414
145 79 415
64 89 416
163 35 417
85 74 418
91 84 419
152 38 420
155 55 421
132 86 422
32 60 423
102 53 424
11 31 425
51 54 426
83 24 427
12 66 428
57 31 429
163 51 430
108 34 431
8 13 432
7 93 433
40 96 434
71 22 435
105 94 436
75 85 437
79 42 438
114 13 439
73 98 440
104 89 441
148 28 442
122 68 443
141 27 444
89 79 445
94 5 446
145 62 447
8 86 448
27 57 449
147 25 450
87 7 451
141 34 452
58 90 453
137 25 454
162 66 455
61 72 456
165 7 457
71 14 458
127 93 459
31 36 460
75 67 461
170 54 462
1 14 463
62 60 464
99 46 465
69 16 466
80 31 467
139 47 468
131 50 469
55 76 470
11 43 471
170 84 472
56 65 473
20 60 474
129 1 475
20 41 476
11 9 477
87 40 478
140 80 479
85 62 480
66 96 481
68 73 482
104 13 483
141 12 484
99 96 485
28 1 486
74 80 487
97 9 488
73 97 489
63 55 490
164 10 491
164 27 492
60 72 493
146 68 494
15 71 495
105 72 496
155 54 497
62 42 498
68 46 499
157 40 500
98 69 501
49 11 502
49 95 503
101 80 504
12 98 505
64 34 506
47 54 507
31 31 508
22 68 509
56 53 510
171 16 511
21 64 512
17 60 513
111 81 514
88 60 515
101 12 516
144 3 517
0 38 518
103 96 519
74 5 520
124 45 521
155 65 522
10 46 523
118 15 524
96 15 525
140 83 526
48 67 527
89 10 528
122 39 529
170 36 530
19 4 531
164 32 532
138 85 533
23 42 534
107 15 535
79 54 536
38 61 537
127 90 538
148 13 539
59 57 540
144 40 541
27 97 542
37 58 543
152 42 544
109 20 545
17 20 546
99 3 547
139 70 548
58 12 549
165 87 550
55 30 551
168 34 552
135 16 553
118 44 554
25 10 555
57 63 556
99 78 557
160 72 558
53 7 559
116 1 560
79 57 561
60 30 562
35 7 563
104 38 564
106 40 565
64 54 566
134 95 567
122 72 568
138 74 569
105 96 570
119 48 571
162 2 572
29 89 573
45 46 574
170 70 575
10 1 576
81 55 577
148 14 578
118 51 579
22 23 580
33 66 581
139 57 582
23 92 583
134 51 584
57 97 585
53 63 586
40 86 587
125 75 588
103 93 589
69 19 590
32 85 591
55 25 592
139 54 593
171 5 594
18 41 595
100 73 596
157 24 597
74 47 598
104 21 599
85 1 600
137 75 601
47 1 602
60 82 603
29 20 604
74 69 605
61 40 606
154 36 607
167 89 608
12 74 609
151 84 610
15 1 611
43 90 612
117 57 613
15 28 614
143 20 615
100 34 616
156 86 617
79 47 618
97 89 619
18 46 620
40 6 621
128 22 622
154 88 623
171 98 624
75 66 625
72 38 626
136 89 627
126 63 628
5 58 629
119 93 630
99 94 631
95 5 632
59 18 633
167 49 634
56 47 635
61 70 636
167 53 637
134 61 638
147 8 639
99 84 640
157 48 641
104 79 642
48 74 643
87 62 644
148 88 645
150 38 646
35 30 647
119 7 648
5 80 649
66 54 650
96 18 651
130 52 652
146 93 653
102 78 654
128 80 655
169 6 656
114 27 657
112 28 658
160 62 659
70 40 660
110 51 661
135 85 662
34 85 663
123 1 664
150 42 665
149 70 666
5 44 667
48 78 668
111 38 669
118 7 670
153 39 671
129 77 672
34 8 673
24 2 674
164 55 675
148 89 676
78 17 677
118 52 678
46 74 679
86 1 680
134 11 681
58 54 682
76 81 683
56 23 684
78 49 685
67 84 686
89 94 687
106 4 688
28 2 689
133 83 690
155 0 691
20 30 692
27 67 693
5 39 694
81 81 695
15 72 696
11 91 697
56 16 698
95 98 699
113 53 700
127 7 701
18 75 702
1 74 703
129 48 704
27 85 705
65 5 706
40 33 707
118 13 708
164 81 709
152 5 710
74 30 711
59 41 712
98 74 713
80 19 714
9 89 715
14 63 716
163 51 717
24 43 718
158 1 719
122 67 720
71 96 721
29 7 722
61 12 723
94 57 724
118 13 725
12 17 726
74 32 727
33 56 728
85 2 729
125 0 730
113 60 731
143 38 732
106 43 733
110 35 734
117 71 735
92 92 736
3 8 737
134 1 738
13 55 739
138 68 740
4 27 741
74 57 742
77 68 743
118 78 744
31 95 745
88 3 746
42 44 747
133 7 748
162 88 749
157 29 750
70 56 751
138 65 752
164 28 753
122 55 754
150 58 755
127 89 756
119 83 757
27 68 758
152 74 759
97 63 760
53 78 761
157 3 762
81 59 763
105 48 764
102 85 765
114 81 766
45 26 767
76 17 768
46 42 769
24 88 770
153 78 771
117 61 772
91 27 773
140 52 774
131 5 775
50 1 776
51 8 777
79 78 778
12 91 779
51 33 780
104 58 781
112 54 782
121 78 783
134 16 784
27 0 785
94 62 786
98 90 787
6 40 788
127 47 789
23 90 790
129 18 791
77 41 792
148 93 793
8 27 794
163 14 795
121 92 796
155 62 797
103 88 798
154 25 799
69 85 800
84 13 801
18 19 802
98 48 803
139 34 804
139 98 805
135 88 806
28 12 807
132 74 808
44 19 809
10 7 810
156 58 811
76 95 812
82 47 813
81 5 814
169 63 815
95 81 816
57 72 817
151 38 818
158 34 819
6 3 820
97 27 821
21 26 822
25 86 823
67 37 824
122 24 825
91 98 826
27 83 827
139 21 828
95 95 829
102 86 830
120 97 831
69 26 832
13 78 833
153 97 834
155 20 835
61 81 836
114 58 837
55 21 838
21 25 839
22 16 840
139 56 841
97 13 842
129 76 843
74 34 844
133 82 845
52 66 846
38 88 847
72 47 848
77 77 849
94 86 850
21 94 851
18 5 852
98 2 853
153 97 854
142 28 855
73 36 856
154 34 857
38 75 858
170 45 859
37 85 860
152 90 861
116 28 862
83 95 863
86 82 864
165 39 865
130 79 866
12 96 867
170 41 868
115 51 869
159 85 870
72 48 871
37 0 872
74 61 873
121 1 874
39 0 875
2 95 876
10 39 877
126 91 878
122 91 879
48 90 880
45 54 881
138 2 882
26 79 883
56 61 884
125 7 885
76 73 886
83 56 887
162 22 888
21 56 889
114 77 890
16 32 891
69 6 892
130 75 893
62 44 894
64 14 895
52 63 896
146 79 897
57 81 898
16 65 899
27 30 900
148 65 901
85 52 902
76 34 903
80 40 904
152 47 905
85 32 906
25 61 907
108 49 908
21 94 909
138 34 910
83 10 911
90 11 912
82 77 913
137 70 914
36 39 915
135 23 916
92 44 917
157 34 918
16 20 919
33 8 920
139 43 921
146 96 922
11 79 923
84 43 924
126 16 925
59 8 926
105 91 927
3 50 928
116 21 929
118 51 930
154 22 931
37 38 932
160 18 933
29 63 934
162 98 935
100 98 936
101 95 937
16 92 938
159 79 939
38 23 940
58 56 941
46 16 942
138 29 943
151 68 944
31 53 945
21 87 946
55 20 947
132 59 948
72 56 949
63 83 950
161 44 951
154 45 952
99 55 953
160 29 954
97 77 955
170 54 956
85 47 957
29 6 958
16 89 959
138 48 960
78 79 961
33 29 962
163 56 963
39 92 964
0 45 965
82 80 966
22 33 967
77 73 968
81 50 969
60 86 970
112 45 971
151 72 972
71 14 973
102 12 974
1 84 975
55 81 976
55 79 977
136 2 978
87 43 979
98 7 980
1 52 981
168 69 982
140 19 983
42 91 984
150 70 985
143 48 986
59 47 987
122 90 988
25 5 989
142 88 990
11 84 991
7 39 992
125 44 993
132 81 994
40 32 995
112 45 996
158 29 997
21 48 998
97 10 999
148 43 1000
12 56 1001
1 60 1002
59 36 1003
65 46 1004
6 23 1005
103 19 1006
6 14 1007
66 89 1008
26 70 1009
26 91 1010
65 13 1011
69 10 1012
167 56 1013
144 2 1014
52 3 1015
109 83 1016
99 36 1017
119 94 1018
94 53 1019
14 57 1020
9 70 1021
119 57 1022
153 51 1023
119 53 1024
38 50 1025
36 48 1026
70 84 1027
137 79 1028
56 84 1029
83 62 1030
26 87 1031
149 67 1032
168 73 1033
113 25 1034
150 43 1035
93 31 1036
12 10 1037
51 62 1038
67 36 1039
50 30 1040
34 43 1041
88 4 1042
52 18 1043
16 93 1044
60 41 1045
81 10 1046
12 40 1047
89 89 1048
151 98 1049
27 36 1050
99 10 1051
160 14 1052
50 40 1053
109 16 1054
141 76 1055
46 36 1056
163 24 1057
64 20 1058
92 95 1059
168 93 1060
160 62 1061
126 60 1062
160 87 1063
132 12 1064
96 61 1065
65 76 1066
103 61 1067
156 35 1068
145 10 1069
116 83 1070
107 60 1071
95 3 1072
30 8 1073
29 66 1074
66 25 1075
1 20 1076
2 20 1077
42 91 1078
9 80 1079
78 2 1080
60 61 1081
37 55 1082
90 96 1083
39 94 1084
24 62 1085
140 28 1086
6 21 1087
80 4 1088
143 90 1089
23 76 1090
44 26 1091
11 72 1092
38 77 1093
80 40 1094
44 79 1095
77 23 1096
156 26 1097
43 80 1098
163 46 1099
86 86 1100
113 70 1101
70 80 1102
124 23 1103
5 47 1104
118 4 1105
102 47 1106
57 11 1107
48 75 1108
103 9 1109
67 52 1110
121 21 1111
27 69 1112
14 20 1113
149 65 1114
75 20 1115
40 62 1116
38 28 1117
46 15 1118
158 5 1119
147 90 1120
123 5 1121
168 44 1122
148 64 1123
15 69 1124
62 87 1125
51 51 1126
136 36 1127
6 76 1128
135 4 1129
46 48 1130
58 83 1131
160 53 1132
47 57 1133
26 72 1134
71 50 1135
32 19 1136
91 70 1137
170 2 1138
139 6 1139
101 31 1140
22 15 1141
24 31 1142
0 89 1143
168 14 1144
84 37 1145
79 82 1146
6 6 1147
98 6 1148
168 34 1149
46 42 1150
18 5 1151
51 2 1152
35 94 1153
73 80 1154
71 62 1155
157 97 1156
14 72 1157
56 11 1158
139 17 1159
119 19 1160
155 1 1161
42 83 1162
138 3 1163
111 93 1164
118 2 1165
141 90 1166
12 79 1167
31 79 1168
43 27 1169
157 41 1170
76 44 1171
69 82 1172
11 72 1173
110 31 1174
154 37 1175
162 3 1176
163 66 1177
131 14 1178
77 57 1179
37 94 1180
138 92 1181
103 18 1182
53 68 1183
17 3 1184
96 10 1185
93 64 1186
144 68 1187
13 1 1188
40 71 1189
84 66 1190
22 86 1191
122 87 1192
107 64 1193
128 60 1194
94 33 1195
58 87 1196
11 3 1197
0 18 1198
108 80 1199
56 40 1200
160 9 1201
81 8 1202
152 41 1203
46 32 1204
11 80 1205
54 1 1206
23 10 1207
42 4 1208
139 23 1209
75 76 1210
107 0 1211
169 1 1212
55 21 1213
97 50 1214
54 48 1215
109 87 1216
130 74 1217
152 23 1218
167 61 1219
145 14 1220
78 39 1221
133 53 1222
22 1 1223
116 90 1224
88 81 1225
132 68 1226
160 14 1227
80 0 1228
117 48 1229
3 61 1230
44 81 1231
19 95 1232
154 88 1233
107 6 1234
42 2 1235
19 41 1236
167 23 1237
119 78 1238
89 95 1239
132 87 1240
42 6 1241
169 60 1242
9 90 1243
116 97 1244
45 29 1245
75 37 1246
100 19 1247
41 17 1248
102 63 1249
29 98 1250
147 31 1251
56 29 1252
160 33 1253
97 2 1254
26 8 1255
12 29 1256
31 53 1257
8 9 1258
9 38 1259
99 28 1260
30 98 1261
147 54 1262
164 47 1263
24 79 1264
65 70 1265
96 78 1266
6 81 1267
36 39 1268
52 21 1269
115 95 1270
19 14 1271
141 57 1272
54 21 1273
91 46 1274
30 67 1275
62 40 1276
24 45 1277
99 8 1278
138 83 1279
59 26 1280
12 8 1281
31 32 1282
168 47 1283
69 96 1284
42 20 1285
151 22 1286
112 72 1287
139 55 1288
68 36 1289
21 38 1290
52 37 1291
108 60 1292
117 51 1293
153 10 1294
147 83 1295
64 22 1296
160 22 1297
149 82 1298
4 26 1299
44 97 1300
97 75 1301
101 96 1302
111 9 1303
165 8 1304
124 71 1305
2 95 1306
63 24 1307
152 36 1308
128 87 1309
42 11 1310
60 30 1311
71 7 1312
64 93 1313
2 86 1314
109 44 1315
78 39 1316
59 0 1317
63 35 1318
149 98 1319
59 91 1320
171 13 1321
80 87 1322
128 60 1323
50 31 1324
11 35 1325
62 6 1326
149 9 1327
79 91 1328
112 48 1329
146 45 1330
28 29 1331
60 86 1332
14 44 1333
83 42 1334
112 81 1335
109 65 1336
90 89 1337
105 83 1338
33 77 1339
6 2 1340
153 36 1341
97 91 1342
105 77 1343
94 75 1344
23 69 1345
120 57 1346
130 14 1347
74 86 1348
79 77 1349
101 75 1350
49 57 1351
137 62 1352
134 43 1353
61 20 1354
131 68 1355
117 97 1356
143 39 1357
168 47 1358
72 43 1359
72 96 1360
160 70 1361
61 58 1362
14 40 1363
29 88 1364
164 96 1365
93 86 1366
139 40 1367
119 31 1368
92 85 1369
15 49 1370
41 80 1371
32 24 1372
168 7 1373
18 75 1374
97 91 1375
59 86 1376
15 40 1377
145 34 1378
47 76 1379
92 11 1380
95 63 1381
49 17 1382
12 98 1383
138 16 1384
145 84 1385
146 18 1386
68 46 1387
155 9 1388
155 84 1389
6 2 1390
105 62 1391
161 34 1392
139 25 1393
63 35 1394
111 40 1395
76 44 1396
9 77 1397
44 11 1398
154 27 1399
152 95 1400
118 82 1401
103 11 1402
36 56 1403
62 93 1404
71 27 1405
159 81 1406
126 10 1407
116 95 1408
136 44 1409
160 71 1410
114 70 1411
68 36 1412
72 92 1413
67 94 1414
168 57 1415
94 58 1416
171 19 1417
146 68 1418
171 92 1419
54 51 1420
1 40 1421
57 32 1422
30 59 1423
155 10 1424
116 27 1425
133 8 1426
162 48 1427
116 7 1428
23 97 1429
58 37 1430
112 37 1431
0 1 1432
47 61 1433
38 21 1434
108 23 1435
77 59 1436
82 60 1437
78 74 1438
46 68 1439
80 87 1440
170 65 1441
15 32 1442
81 22 1443
96 32 1444
23 33 1445
137 4 1446
143 5 1447
123 83 1448
44 6 1449
4 31 1450
36 59 1451
141 1 1452
30 41 1453
91 26 1454
53 72 1455
129 33 1456
53 31 1457
63 86 1458
96 98 1459
139 89 1460
33 55 1461
108 23 1462
56 65 1463
43 6 1464
139 91 1465
138 92 1466
105 62 1467
76 86 1468
59 1 1469
115 70 1470
11 88 1471
121 96 1472
76 73 1473
52 82 1474
116 52 1475
60 91 1476
107 33 1477
119 47 1478
156 7 1479
15 72 1480
160 59 1481
119 98 1482
23 2 1483
129 14 1484
54 93 1485
75 43 1486
15 38 1487
66 44 1488
158 94 1489
124 55 1490
55 6 1491
118 6 1492
103 78 1493
140 81 1494
101 77 1495
130 97 1496
67 91 1497
64 98 1498
122 27 1499
116 30 1500
163 36 1501
77 51 1502
157 8 1503
161 71 1504
68 46 1505
120 94 1506
94 91 1507
77 31 1508
35 64 1509
105 33 1510
86 19 1511
61 37 1512
160 14 1513
171 96 1514
89 81 1515
91 27 1516
5 86 1517
40 76 1518
50 53 1519
17 28 1520
93 32 1521
169 58 1522
42 56 1523
115 12 1524
1 10 1525
159 89 1526
64 97 1527
138 31 1528
41 6 1529
11 95 1530
91 63 1531
159 90 1532
109 54 1533
137 39 1534
113 17 1535
28 67 1536
40 47 1537
47 52 1538
133 1 1539
49 77 1540
159 51 1541
61 17 1542
120 68 1543
142 89 1544
148 42 1545
165 31 1546
159 92 1547
58 57 1548
6 82 1549
115 2 1550
49 68 1551
56 84 1552
27 85 1553
171 84 1554
101 5 1555
107 89 1556
26 3 1557
117 47 1558
24 17 1559
163 12 1560
99 84 1561
117 60 1562
35 81 1563
46 92 1564
52 7 1565
103 96 1566
22 4 1567
64 12 1568
138 38 1569
108 13 1570
128 74 1571
26 60 1572
34 87 1573
73 68 1574
15 98 1575
24 82 1576
44 96 1577
85 59 1578
38 81 1579
39 78 1580
25 88 1581
93 25 1582
64 85 1583
53 17 1584
137 65 1585
99 35 1586
115 49 1587
156 15 1588
103 28 1589
119 13 1590
23 76 1591
0 11 1592
1 16 1593
64 34 1594
153 12 1595
72 42 1596
48 67 1597
111 76 1598
144 70 1599
